
3 2 2
2 5
1.5 1.5
3 2

6 2 1
0.40 0.53
0.22 0.38
0.35 0.32
0.26 0.19
0.08 0.41
0.45 0.30

6 2 2
0.40 0.53
0.22 0.38
0.35 0.32
0.26 0.19
0.08 0.41
0.45 0.30

6 2 0
0.40 0.53
0.22 0.38
0.35 0.32
0.26 0.19
0.08 0.41
0.45 0.30

6 2 1
0.40 0.53
0.22 0.38
0.35 0.32
0.26 0.19
0.08 0.41
0.45 0.30

6 3 2
0.40 0.53
0.22 0.38
0.35 0.32
0.26 0.19
0.08 0.41
0.45 0.30

6 5 2
1 1
1.5 1.5
5 5
3 4
4 4
3 3.5

7 2 2
51.5217 30.1140
27.9698 27.0568
10.6233 52.4207
122.1483 6.9586
146.4236 -41.3457
5.0 4.2
93.1 1.2

5 2 1
51.5217 30.1140
27.9698 27.0568
10.6233 52.4207
122.1483 6.9586
146.4236 -41.3457

5 2 2
51.5217 30.1140
27.9698 27.0568
10.6233 52.4207
122.1483 6.9586
146.4236 -41.3457